0 8 0 18 0 12 20 21 16 0 0 0 0 0 0 15 0 0 24 5 7 0 19 0 0
0 0 15 9 5 4 0 23 0 18 12 20 0 21 16 7 0 0 0 2 1 0 0 0 0
0 0 0 0 14 7 0 0 0 0 0 24 0 0 0 0 10 0 0 16 0 0 23 18 6
21 20 12 0 16 0 0 25 14 22 7 0 0 19 2 4 0 23 8 6 0 24 0 0 0
19 0 7 0 2 15 0 0 0 9 0 0 18 0 0 0 0 0 0 0 12 0 21 0 16
0 23 6 0 0 16 0 0 0 20 14 25 11 0 0 5 24 7 3 9 2 19 1 0 17
4 21 0 20 0 0 0 12 22 11 2 19 0 0 0 0 0 15 23 0 0 3 7 0 9
12 25 14 0 22 0 19 0 0 13 0 0 24 7 0 0 0 0 21 10 6 0 15 8 18
7 0 0 24 9 6 0 15 18 0 0 0 0 0 10 0 13 1 19 0 0 25 0 11 22
0 19 2 13 17 5 0 0 9 0 6 0 8 15 0 14 11 12 25 22 16 0 0 0 10
0 0 0 1 0 0 0 0 3 7 8 0 15 0 0 11 12 10 0 0 0 0 18 4 0
10 16 11 12 25 0 14 22 19 1 0 0 0 17 3 20 0 0 6 21 8 0 0 0 0
0 0 8 0 23 20 0 18 21 4 11 16 0 0 25 0 7 0 2 0 0 14 22 0 0
0 0 0 0 0 0 0 0 0 0 0 0 0 22 19 8 15 0 5 23 24 0 17 0 3
0 2 0 7 3 8 0 9 23 15 20 0 4 0 21 13 1 0 14 19 0 0 10 12 25
2 0 0 0 0 18 15 5 0 23 0 0 21 6 20 17 0 14 1 13 0 12 0 25 11
0 1 0 19 13 9 7 0 24 0 0 0 23 0 8 0 25 0 0 11 0 0 0 21 0
0 0 10 0 0 0 0 0 0 0 17 1 0 14 0 18 0 5 15 8 9 0 0 0 0
16 12 0 0 11 0 0 14 0 0 0 0 3 2 24 0 21 0 4 20 0 15 0 0 8
0 0 0 0 0 10 0 0 0 0 0 12 0 0 11 9 3 0 0 0 17 0 14  19 13
24 0 0 0 15 21 18 0 4 0 0 0 16 20 0 3 2 13 0 7 19 22 0 0 1
0 18 0 0 0 0 10 0 0 16 0 22 0 0 0 23 0 24 9 0 3 17 0 0 0
0 0 0 0 0 0 0 0 15 5 0 0 6 8 4 0 14 11 22 1 25 0 20 16 12
0 22 19 14 1 3 0 0 0 0 23 9 5 0 15 25 0 20 10 12 21 0 8 0 4
20 0 25 16 0 0 22 11 1 0 3 0 2 13 7 21 0 0 0 0 0 9 0 0 0
