0 6 0 0 0 0 0 8 11 0 0 15 14 0 0 16
15 11 0 0 0 16 14 0 0 0 12 0 0 6 0 0
13 0 9 12 0 0 0 0 3 16 14 0 15 11 10 0
2 0 16 0 11 0 15 10 1 0 0 0 0 0 0 0
0 15 11 10 0 0 16 2 13 8 9 12 0 0 0 0
12 13 0 0 4 1 5 6 2 3 0 0 0 0 11 10
5 0 6 1 12 0 9 0 15 11 10 7 16 0 0 3
0 2 0 0 0 10 0 11 6 0 5 0 0 13 0 9
10 7 15 11 16 0 0 0 12 13 0 0 0 0 0 6
9 0 0 0 0 0 1 0 0 2 0 16 10 0 0 11
1 0 4 6 9 13 0 0 7 0 11 0 3 16 0 0
16 14 0 0 7 0 10 15 4 6 1 0 0 0 13 8
11 10 0 15 0 0 0 16 9 12 13 0 0 1 5 4
0 0 12 0 1 4 6 0 16 0 0 0 11 10 0 0
0 0 5 0 8 12 13 0 10 0 0 11 2 0 0 14
3 16 0 0 10 0 0 7 0 0 6 0 0 0 12 0
